time;Lat;Lon;length;width;min_zeta_850;min_hgt_850;max_wind_850
2005-08-08 00Z;-24.89040529363111;-56.64185277088504;8.33746898263028;10.190239867659216;-4.641634043590621e-05;1049.0;39.0
2005-08-08 06Z;-23.897849462365603;-57.435897435897445;8.999172870140605;15.219189412737798;-3.794798678785896e-05;959.0;38.39400863647461
2005-08-08 12Z;-30.911910669975192;-52.8701406120761;14.822167080231594;19.05707196029777;-4.743888651409886e-05;926.0;36.50342559814453
2005-08-08 18Z;-28.860628618693145;-49.49545078577337;13.895781637717114;26.600496277915624;-2.85569688472361e-05;943.0;28.319602966308594
2005-08-09 00Z;-26.743176178660057;-47.97353184449959;15.748552522746067;30.173697270471457;-2.7275395077730258e-05;937.0;27.690431594848633
2005-08-09 06Z;-26.80934656741109;-49.03225806451614;15.616211745244001;31.761786600496272;-3.637499955282413e-05;981.0;28.116899490356445
2005-08-09 12Z;-27.669561621174534;-46.716294458229946;16.013234077750205;40.09925558312655;-4.7097733659737955e-05;966.0;28.66653060913086
2005-08-09 18Z;-25.046137572263515;-49.69396195202647;19.3217535153019;34.40860215053763;-4.345161978492288e-05;1018.0;28.257389068603516
2005-08-10 00Z;-25.94913151364765;-47.642679900744426;21.836228287841195;34.27626137303557;-3.9533612772152284e-05;1019.0;28.480342864990234
2005-08-10 06Z;-26.01530190239869;-49.49545078577337;21.703887510339115;33.217535153019014;-4.510315782461541e-05;1042.0;31.740510940551758
2005-08-10 12Z;-26.743176178660057;-46.782464846980986;19.189412737799827;30.96774193548386;-4.844957277058284e-05;1033.0;31.084562301635742
2005-08-10 18Z;-29.257650951199345;-43.341604631927225;17.07196029776675;23.02729528535979;-5.039738216907401e-05;983.0;32.92567443847656
2005-08-11 00Z;-27.53722084367247;-45.39288668320927;18.130686517783282;17.071960297766744;-8.137525240328412e-05;943.0;38.951507568359375
2005-08-11 06Z;-29.257650951199345;-45.12820512820514;13.101736972704714;19.71877584780809;-8.265504530063999e-05;959.0;37.31005096435547
2005-08-11 12Z;-31.04425144747726;-42.746071133167916;15.351530190239863;26.865177832919755;-7.337117876906285e-05;977.0;36.19350814819336
2005-08-11 18Z;-31.77212572373864;-43.14309346567412;16.277915632754333;19.718775847808104;-6.586341500141362e-05;1008.0;35.111534118652344
2005-08-12 00Z;-31.30197842122607;-43.40777502067826;16.013234077750205;23.159636062861857;-5.495526220245508e-05;1046.0;33.16021728515625
2005-08-12 06Z;-32.1029776674938;-42.87841191066998;16.41025641025641;18.660049627791558;-5.6017201779471e-05;1046.0;31.23395538330078
2005-08-12 12Z;-34.02191894127379;-42.34904880066171;15.483870967741936;24.218362282878402;-6.147699645886908e-05;1030.0;30.887052536010742
2005-08-12 18Z;-34.35277088502896;-43.01075268817205;15.086848635235732;18.395368072787427;-4.639938459255329e-05;1032.0;29.49321937561035
2005-08-13 00Z;-31.970636889991738;-43.87096774193549;10.851943755169557;18.792390405293624;-4.274032059677374e-05;989.0;29.739200592041016
2005-08-13 06Z;-31.507444168734498;-43.73862696443342;10.454921422663354;19.057071960297762;-4.938296037830893e-05;972.0;30.672626495361328
2005-08-13 12Z;-32.13512893877609;-42.87841191066998;11.116625310173688;14.689826302729529;-6.703916820794084e-05;913.0;29.394216537475586
2005-08-13 18Z;-33.75723738626965;-39.56989247311829;11.248966087675761;17.60132340777502;-6.932143905865565e-05;872.0;29.832866668701172
2005-08-14 00Z;-32.83085194375518;-39.43755169561622;10.190239867659216;14.42514474772539;-5.817054551746619e-05;855.0;31.549644470214844
2005-08-14 06Z;-32.83085194375518;-39.768403639371385;10.984284532671623;16.41025641025641;-4.4033244750464894e-05;862.0;31.797012329101562
2005-08-14 12Z;-33.624896608767585;-39.63606286186932;10.719602977667492;19.057071960297755;-3.636756142346996e-05;905.0;32.500614166259766
2005-08-14 18Z;-33.36021505376345;-37.783291976840374;10.719602977667492;13.49875930521091;-3.351860032902489e-05;947.0;34.594364166259766
2005-08-15 00Z;-36.07320099255584;-36.45988420181969;11.645988420181961;16.410256410256416;-3.374253854268295e-05;976.0;34.70705795288086
2005-08-15 06Z;-34.74979321753516;-35.202646815550054;11.116625310173696;11.77832919768403;-4.165453660608416e-05;993.0;33.306156158447266
2005-08-15 12Z;-36.40405293631101;-32.357320099255595;10.719602977667495;16.145574855252264;-5.3463687158548093e-05;1027.0;29.46133041381836
2005-08-15 18Z;-38.71511024323729;-22.696443341604642;13.366418527708845;30.703060380479727;-6.187901706109401e-05;1023.0;31.064449310302734
