time;Lat;Lon;length;width;min_lon;max_lon;min_lat;max_lat;min_max_zeta_850_lat;min_max_zeta_850_lon;min_max_zeta_850;min_hgt_850_lat;min_hgt_850_lon;min_hgt_850;max_wind_850_lat;max_wind_850_lon;max_wind_850
2023-03-02-1800;-5.81;-89.91;15;15;-97.41;-82.41;-13.309999999999999;1.6900000000000004;-5.75;-95.0;-7.941072870897413e-05;-13.25;-82.5;1489.4500732421875;1.5;-86.0;9.324275016784668
2023-03-02-2100;-5.81;-89.91;15;15;-97.41;-82.41;-13.309999999999999;1.6900000000000004;-6.0;-95.0;-9.003165860076067e-05;0.0;-82.5;1463.6065673828125;1.5;-86.5;7.700695991516113
2023-03-03-0000;-6.13;-89.72;15;15;-97.22;-82.22;-13.629999999999999;1.37;-5.25;-87.75;-9.733368703715141e-05;-0.5;-84.75;1465.8212890625;1.25;-86.75;6.963362693786621
2023-03-03-0300;-6.13;-89.72;15;15;-97.22;-82.22;-13.629999999999999;1.37;-5.25;-88.0;-0.00013917041759539447;1.0;-82.25;1489.4500732421875;1.25;-87.0;6.5661797523498535
2023-03-03-0600;-6.1;-89.68;15;15;-97.18;-82.18;-13.6;1.4000000000000004;-5.25;-88.0;-0.00018076626544846294;-13.5;-82.5;1482.0650634765625;1.25;-87.25;7.116051197052002
2023-03-03-0900;-6.1;-89.68;15;15;-97.18;-82.18;-13.6;1.4000000000000004;-5.5;-88.25;-0.0002780327618953003;-5.5;-88.5;1468.0360107421875;-6.0;-88.25;8.388191223144531
2023-03-03-1200;-5.85;-89.31;15;15;-96.81;-81.81;-13.35;1.6500000000000004;-5.5;-88.5;-0.0003231347927993861;-6.75;-84.25;1479.1126708984375;-6.0;-88.75;9.479223251342773
2023-03-03-1500;-5.85;-89.31;15;15;-96.81;-81.81;-13.35;1.6500000000000004;-5.75;-88.75;-0.0002846113262983016;-13.25;-83.5;1488.7108154296875;-6.0;-89.0;10.486775398254395
2023-03-03-1800;-5.86;-89.51;15;15;-97.01;-82.01;-13.36;1.6399999999999997;-5.75;-89.25;-0.0002095496062014308;-2.5;-82.25;1485.01904296875;-6.25;-89.75;8.223645210266113
2023-03-03-2100;-5.86;-89.51;15;15;-97.01;-82.01;-13.36;1.6399999999999997;-5.75;-89.75;-0.00018922171886509256;-2.5;-82.25;1457.7001953125;-10.25;-82.25;7.276658058166504
2023-03-04-0000;-6.38;-88.85;15;15;-96.35;-81.35;-13.879999999999999;1.12;-5.75;-89.25;-0.00016054079588381792;0.25;-81.75;1465.8212890625;-10.25;-83.0;6.917616367340088
2023-03-04-0300;-6.38;-88.85;15;15;-96.35;-81.35;-13.879999999999999;1.12;-5.75;-89.25;-0.00015608609400766016;-12.25;-86.5;1482.8043212890625;-13.75;-96.25;7.286303520202637
2023-03-04-0600;-6.16;-88.31;15;15;-95.81;-80.81;-13.66;1.3399999999999999;-5.75;-89.0;-0.00013775086091751844;-13.5;-81.25;1476.15869140625;-13.5;-95.75;6.682231426239014
2023-03-04-0900;-6.16;-88.31;15;15;-95.81;-80.81;-13.66;1.3399999999999999;-5.75;-89.0;-0.00013235976453204905;-13.5;-81.25;1466.5606689453125;-13.5;-92.75;5.715063095092773
2023-03-04-1200;-5.93;-88.06;15;15;-95.56;-80.56;-13.43;1.5700000000000003;-5.75;-89.0;-0.00012182126705401926;-10.5;-91.5;1473.9439697265625;-13.25;-93.5;6.253706455230713
2023-03-04-1500;-5.93;-88.06;15;15;-95.56;-80.56;-13.43;1.5700000000000003;-5.75;-88.75;-0.00015397032771564972;-13.25;-80.75;1490.187744140625;-13.25;-94.0;6.520968914031982
2023-03-04-1800;-6.3;-88.53;15;15;-96.03;-81.03;-13.8;1.2000000000000002;-5.75;-89.0;-0.00016894573248163602;-12.5;-81.25;1485.7584228515625;-13.5;-90.5;7.78599739074707
2023-03-04-2100;-6.3;-88.53;15;15;-96.03;-81.03;-13.8;1.2000000000000002;-5.5;-94.75;-0.0002267062458618565;-6.0;-82.5;1470.989990234375;-5.75;-94.25;8.553899765014648
2023-03-05-0000;-6.84;-88.11;15;15;-95.61;-80.61;-14.34;0.6600000000000001;-5.5;-95.0;-0.00031791666457781857;-10.75;-93.25;1477.6357421875;-5.75;-95.25;8.434991836547852
2023-03-05-0300;-6.84;-88.11;15;15;-95.61;-80.61;-14.34;0.6600000000000001;-5.5;-95.0;-0.000350579643992429;-12.0;-95.5;1493.87939453125;-6.0;-95.0;7.12388277053833
2023-03-05-0600;-6.7;-88.4;15;15;-95.9;-80.9;-14.2;0.7999999999999998;-5.5;-95.0;-0.00029762940755849747;-13.5;-81.25;1494.6187744140625;-8.25;-88.25;8.263605117797852
2023-03-05-0900;-6.7;-88.4;15;15;-95.9;-80.9;-14.2;0.7999999999999998;-7.75;-88.75;-0.0001985831449308199;-8.5;-88.75;1483.5421142578125;-8.5;-88.25;10.093472480773926
2023-03-05-1200;-6.7;-88.4;15;15;-95.9;-80.9;-14.2;0.7999999999999998;-5.75;-95.5;-0.0002245149636000497;-14.0;-87.5;1487.9730224609375;-8.5;-88.5;7.978951454162598
2023-03-05-1500;-6.7;-88.4;15;15;-95.9;-80.9;-14.2;0.7999999999999998;-5.75;-95.5;-0.0002245149636000497;-14.0;-87.5;1487.9730224609375;-8.5;-88.5;7.978951454162598
2023-03-05-1800;-7.21;-88.53;15;15;-96.03;-81.03;-14.71;0.29000000000000004;-5.75;-95.5;-0.0002878832685191449;-14.5;-81.25;1495.3564453125;-5.25;-95.25;7.949501037597656
2023-03-05-2100;-7.21;-88.53;15;15;-96.03;-81.03;-14.71;0.29000000000000004;-6.0;-95.25;-0.0003002187943617506;-14.5;-81.25;1482.8043212890625;-11.75;-83.5;9.657876014709473
2023-03-06-0000;-7.87;-87.86;15;15;-95.36;-80.36;-15.370000000000001;-0.3700000000000001;-6.0;-95.25;-0.0002926480812320434;-7.75;-88.75;1490.9254150390625;-12.75;-84.5;8.097647666931152
2023-03-06-0300;-7.87;-87.86;15;15;-95.36;-80.36;-15.370000000000001;-0.3700000000000001;-6.0;-95.0;-0.0002523559183914317;-15.25;-87.0;1508.6478271484375;-5.5;-87.25;7.737251281738281
2023-03-06-0600;-7.9;-87.71;15;15;-95.21;-80.21;-15.4;-0.40000000000000036;-6.0;-94.75;-0.00019880474301986665;-15.25;-80.25;1499.7874755859375;-4.5;-94.5;8.56947135925293
2023-03-06-0900;-7.9;-87.71;15;15;-95.21;-80.21;-15.4;-0.40000000000000036;-5.75;-94.25;-0.00019000152827934884;-15.25;-83.25;1487.9730224609375;-5.25;-94.5;9.323249816894531
2023-03-06-1200;-7.77;-87.65;15;15;-95.15;-80.15;-15.27;-0.2699999999999996;-8.0;-85.0;-0.00016405961950049185;-15.25;-81.5;1492.4024658203125;-5.5;-95.0;9.326924324035645
2023-03-06-1500;-7.77;-87.65;15;15;-95.15;-80.15;-15.27;-0.2699999999999996;-8.25;-85.25;-0.00020076987044213423;-15.25;-83.75;1508.6478271484375;-5.5;-95.0;9.145781517028809
2023-03-06-1800;-7.73;-87.78;15;15;-95.28;-80.28;-15.23;-0.23000000000000043;-8.25;-85.25;-0.0001910179890816963;-15.0;-80.75;1494.6187744140625;-6.0;-95.0;10.83034610748291
2023-03-06-2100;-7.73;-87.78;15;15;-95.28;-80.28;-15.23;-0.23000000000000043;-8.25;-85.0;-0.00015879314010395042;-15.0;-82.5;1476.8963623046875;-5.25;-90.5;11.629895210266113
2023-03-07-0000;-7.66;-87.82;15;15;-95.32;-80.32;-15.16;-0.16000000000000014;-5.25;-89.25;-0.00020668664975790414;-15.0;-83.25;1485.7584228515625;-5.5;-92.5;12.576810836791992
2023-03-07-0300;-7.66;-87.82;15;15;-95.32;-80.32;-15.16;-0.16000000000000014;-5.5;-88.75;-0.00022070728427423498;-15.0;-82.25;1503.4791259765625;-5.0;-91.75;11.01738452911377
2023-03-07-0600;-7.45;-87.69;15;15;-95.19;-80.19;-14.95;0.04999999999999982;-5.5;-88.5;-0.0001902561659731062;-14.75;-82.25;1499.048095703125;-5.0;-87.75;10.608133316040039
2023-03-07-0900;-7.45;-87.69;15;15;-95.19;-80.19;-14.95;0.04999999999999982;-9.25;-85.25;-0.0001668190269395988;-14.75;-82.0;1483.5421142578125;-5.0;-87.5;10.957825660705566
2023-03-07-1200;-7.08;-87.7;15;15;-95.2;-80.2;-14.58;0.41999999999999993;-9.25;-85.5;-0.0003296195177599989;-14.0;-83.25;1489.4500732421875;-5.0;-87.25;10.990711212158203
2023-03-07-1500;-7.08;-87.7;15;15;-95.2;-80.2;-14.58;0.41999999999999993;-9.25;-85.25;-0.0005704815322415352;-9.25;-85.25;1502.7398681640625;-8.75;-85.0;14.063986778259277
2023-03-07-1800;-7.68;-86.07;15;15;-93.57;-78.57;-15.18;-0.17999999999999972;-9.25;-85.0;-0.0006195017090864314;-9.25;-84.75;1492.4024658203125;-9.0;-84.5;15.247694969177246
2023-03-07-2100;-7.68;-86.07;15;15;-93.57;-78.57;-15.18;-0.17999999999999972;-9.5;-84.5;-0.000521504972905051;-15.0;-82.75;1481.327392578125;-9.0;-84.0;13.501176834106445
2023-03-08-0000;-6.51;-85.55;15;15;-93.05;-78.05;-14.01;0.9900000000000002;-9.25;-84.25;-0.0002510041574273627;-4.25;-78.5;1490.9254150390625;-5.25;-84.25;11.08603286743164
2023-03-08-0300;-6.51;-85.55;15;15;-93.05;-78.05;-14.01;0.9900000000000002;-9.25;-84.25;-0.00018833042785249785;-13.0;-90.75;1508.6478271484375;0.75;-93.0;11.800686836242676
2023-03-08-0600;-6.53;-84.84;15;15;-92.34;-77.34;-14.030000000000001;0.9699999999999998;-9.25;-84.25;-0.0002002983928661079;-1.0;-77.75;1501.2628173828125;0.75;-92.25;10.96478271484375
2023-03-08-0900;-6.53;-84.84;15;15;-92.34;-77.34;-14.030000000000001;0.9699999999999998;-9.0;-84.0;-0.00015907216917824955;-1.0;-77.75;1489.4500732421875;0.75;-91.75;11.339552879333496
2023-03-08-1200;-6.16;-84.62;15;15;-92.12;-77.12;-13.66;1.3399999999999999;-8.75;-84.0;-0.00013074827779904375;-13.0;-88.25;1496.83349609375;1.25;-91.25;11.34288215637207
2023-03-08-1500;-6.16;-84.62;15;15;-92.12;-77.12;-13.66;1.3399999999999999;-0.5;-79.25;-0.00015254276344059647;-13.0;-88.5;1516.7689208984375;1.0;-92.0;10.766688346862793
2023-03-08-1800;-6.06;-85.18;15;15;-92.68;-77.68;-13.559999999999999;1.4400000000000004;0.75;-78.75;-0.00017267518042277634;-7.25;-78.0;1493.87939453125;1.25;-90.5;11.37870979309082
2023-03-08-2100;-6.06;-85.18;15;15;-92.68;-77.68;-13.559999999999999;1.4400000000000004;-12.25;-89.25;-0.0001557464379456659;-4.0;-78.75;1467.29833984375;-0.25;-92.5;12.709460258483887
2023-03-09-0000;-6.69;-85.42;15;15;-92.92;-77.92;-14.190000000000001;0.8099999999999996;0.75;-78.75;-0.0001574060752140652;-5.0;-78.25;1482.0650634765625;-0.5;-92.75;12.435430526733398
2023-03-09-0300;-6.69;-85.42;15;15;-92.92;-77.92;-14.190000000000001;0.8099999999999996;0.75;-78.5;-0.0001509058011732875;-5.25;-78.25;1505.69384765625;-0.5;-91.5;12.166509628295898
2023-03-09-0600;-7.2;-85.61;15;15;-93.11;-78.11;-14.7;0.2999999999999998;-12.25;-89.75;-0.00011108291269882155;-4.5;-78.5;1503.4791259765625;-0.75;-91.25;12.442938804626465
2023-03-09-0900;-7.2;-85.61;15;15;-93.11;-78.11;-14.7;0.2999999999999998;0.25;-79.0;-0.0001291298298389052;-3.75;-78.5;1492.4024658203125;-0.75;-91.25;12.98643970489502
2023-03-09-1200;-7.66;-85.18;15;15;-92.68;-77.68;-15.16;-0.16000000000000014;-0.25;-79.0;-0.00016864869576864913;-5.75;-78.75;1496.83349609375;-1.0;-88.75;12.975940704345703
2023-03-09-1500;-7.66;-85.18;15;15;-92.68;-77.68;-15.16;-0.16000000000000014;-4.5;-92.5;-0.00032687839792384455;-6.0;-79.0;1512.3394775390625;-4.0;-92.5;15.560835838317871
2023-03-09-1800;-7.32;-85.35;15;15;-92.85;-77.85;-14.82;0.17999999999999972;-4.5;-92.0;-0.00029543638321489205;-7.5;-78.0;1488.7108154296875;-4.0;-91.5;15.475091934204102
2023-03-09-2100;-7.32;-85.35;15;15;-92.85;-77.85;-14.82;0.17999999999999972;-4.5;-91.25;-0.00023145997508881963;-7.25;-78.0;1460.652587890625;-4.0;-90.5;14.222978591918945
2023-03-10-0000;-7.79;-85.62;15;15;-93.12;-78.12;-15.29;-0.29000000000000004;-4.25;-90.25;-0.0002121914800433798;-6.0;-78.75;1485.01904296875;-4.0;-89.75;13.810310363769531
2023-03-10-0300;-7.79;-85.62;15;15;-93.12;-78.12;-15.29;-0.29000000000000004;-4.25;-89.0;-0.00016719413139898177;-15.25;-91.0;1510.1231689453125;-3.75;-89.0;13.424614906311035
2023-03-10-0600;-8.1;-84.71;15;15;-92.21;-77.21;-15.6;-0.5999999999999996;-4.25;-88.0;-0.00014938853777404153;-6.75;-77.25;1499.7874755859375;-2.75;-87.25;13.67732048034668
2023-03-10-0900;-8.1;-84.71;15;15;-92.21;-77.21;-15.6;-0.5999999999999996;-3.5;-78.0;-0.00014277045036703367;-7.0;-77.25;1493.1417236328125;-2.75;-87.0;14.591583251953125
2023-03-10-1200;-8.42;-84.87;15;15;-92.37;-77.37;-15.92;-0.9199999999999999;-9.5;-85.75;-0.0001873043018857284;-12.5;-92.25;1502.0020751953125;-5.75;-80.5;15.90978717803955
2023-03-10-1500;-8.42;-84.87;15;15;-92.37;-77.37;-15.92;-0.9199999999999999;-9.5;-85.5;-0.00021257751426563844;-15.75;-86.75;1515.2918701171875;-6.5;-80.0;15.360758781433105
2023-03-10-1800;-8.6;-84.75;15;15;-92.25;-77.25;-16.1;-1.0999999999999996;-9.25;-84.75;-0.00021889460810335415;-9.5;-84.75;1504.216796875;-6.75;-80.25;15.110465049743652
2023-03-10-2100;-8.6;-84.75;15;15;-92.25;-77.25;-16.1;-1.0999999999999996;-7.75;-80.25;-0.0002520547000302721;-9.5;-85.25;1482.8043212890625;-3.75;-82.25;15.652300834655762
2023-03-11-0000;-8.8;-85.06;15;15;-92.56;-77.56;-16.3;-1.3000000000000007;-9.5;-85.25;-0.00024380439929128637;-9.5;-85.5;1489.4500732421875;-8.5;-79.5;16.3365421295166
2023-03-11-0300;-8.8;-85.06;15;15;-92.56;-77.56;-16.3;-1.3000000000000007;-9.5;-85.5;-0.00019966657878214107;-16.25;-89.25;1506.4315185546875;-9.75;-79.25;15.326924324035645
2023-03-11-0600;-9.64;-84.73;15;15;-92.23;-77.23;-17.14;-2.1400000000000006;-9.5;-85.25;-0.0001579961523343527;-10.0;-85.0;1503.4791259765625;-10.5;-79.0;13.623345375061035
2023-03-11-0900;-9.64;-84.73;15;15;-92.23;-77.23;-17.14;-2.1400000000000006;-10.5;-87.0;-0.0001973207821396887;-10.0;-85.0;1486.49609375;-8.25;-79.25;13.362269401550293
2023-03-11-1200;-9.97;-84.8;15;15;-92.3;-77.3;-17.47;-2.4700000000000006;-9.75;-84.75;-0.00016390886349923673;-10.25;-84.5;1493.1417236328125;-8.25;-79.25;12.182657241821289
2023-03-11-1500;-9.97;-84.8;15;15;-92.3;-77.3;-17.47;-2.4700000000000006;-10.0;-84.75;-0.0001636424175298892;-10.25;-84.5;1507.1707763671875;-8.75;-79.0;11.085749626159668
2023-03-11-1800;-10.25;-84.9;15;15;-92.4;-77.4;-17.75;-2.75;-10.0;-84.5;-0.00015213947755452726;-10.5;-84.5;1501.2628173828125;-8.75;-79.0;10.3025484085083
2023-03-11-2100;-10.25;-84.9;15;15;-92.4;-77.4;-17.75;-2.75;-10.0;-84.5;-0.00012511308367743685;-10.5;-84.5;1483.5421142578125;-17.75;-86.0;9.870546340942383
2023-03-12-0000;-10.55;-84.17;15;15;-91.67;-76.67;-18.05;-3.0500000000000007;-16.5;-90.0;-0.00012527439004994943;-10.0;-85.0;1493.1417236328125;-6.5;-90.5;9.63404655456543
2023-03-12-0300;-10.55;-84.17;15;15;-91.67;-76.67;-18.05;-3.0500000000000007;-6.5;-76.75;-0.0001361181817264103;-10.5;-84.5;1509.385498046875;-6.5;-89.25;8.581135749816895
2023-03-12-0600;-10.1;-84.68;15;15;-92.18;-77.18;-17.6;-2.5999999999999996;-10.25;-84.75;-0.00012376634169156364;-10.5;-85.0;1503.4791259765625;-12.25;-85.25;8.502042770385742
2023-03-12-0900;-10.1;-84.68;15;15;-92.18;-77.18;-17.6;-2.5999999999999996;-10.5;-84.75;-0.0001249581655724418;-10.5;-85.0;1490.9254150390625;-8.5;-84.5;9.005258560180664
2023-03-12-1200;-10.01;-85.04;15;15;-92.54;-77.54;-17.509999999999998;-2.51;-11.0;-84.25;-0.0001632648811623457;-10.75;-84.5;1496.0941162109375;-12.25;-85.5;9.66677188873291
2023-03-12-1500;-10.01;-85.04;15;15;-92.54;-77.54;-17.509999999999998;-2.51;-11.0;-84.75;-0.00032981677823832407;-11.0;-84.75;1508.6478271484375;-11.5;-84.5;11.207025527954102
2023-03-12-1800;-9.9;-85.62;15;15;-93.12;-78.12;-17.4;-2.4000000000000004;-11.0;-85.25;-0.00036107322959218245;-11.0;-85.25;1504.9544677734375;-11.5;-85.25;11.011957168579102
2023-03-12-2100;-9.9;-85.62;15;15;-93.12;-78.12;-17.4;-2.4000000000000004;-11.0;-85.5;-0.00023231728952295653;-11.0;-85.75;1488.7108154296875;-5.5;-92.25;10.763028144836426
2023-03-13-0000;-9.62;-84.04;15;15;-91.54;-76.54;-17.119999999999997;-2.119999999999999;-11.0;-86.0;-0.00016903972970706886;-10.75;-85.75;1497.5711669921875;-5.5;-91.5;10.54502010345459
2023-03-13-0300;-9.62;-84.04;15;15;-91.54;-76.54;-17.119999999999997;-2.119999999999999;-10.75;-86.25;-0.00017180395663771825;-10.5;-84.5;1517.5081787109375;-5.25;-91.0;10.341064453125
2023-03-13-0600;-9.58;-85.57;15;15;-93.07;-78.07;-17.08;-2.08;-8.25;-93.0;-0.0001593156715534725;-10.25;-84.5;1509.385498046875;-4.75;-90.0;9.319969177246094
2023-03-13-0900;-9.58;-85.57;15;15;-93.07;-78.07;-17.08;-2.08;-8.0;-93.0;-0.00015366297056354202;-10.5;-84.75;1494.6187744140625;-11.5;-88.5;9.456018447875977
2023-03-13-1200;-9.85;-85.57;15;15;-93.07;-78.07;-17.35;-2.3499999999999996;-10.0;-83.5;-0.0001266771537839154;-10.25;-85.0;1497.5711669921875;-11.25;-86.25;10.524726867675781
2023-03-13-1500;-9.85;-85.57;15;15;-93.07;-78.07;-17.35;-2.3499999999999996;-10.5;-85.5;-0.00016094407290887658;-10.5;-85.5;1514.55419921875;-11.5;-85.25;11.464422225952148
2023-03-13-1800;-10.81;-85.4;15;15;-92.9;-77.9;-18.310000000000002;-3.3100000000000005;-10.75;-83.75;-0.0001994506959253253;-10.5;-86.0;1504.9544677734375;-11.5;-86.25;11.82003402709961
2023-03-13-2100;-10.81;-85.4;15;15;-92.9;-77.9;-18.310000000000002;-3.3100000000000005;-11.25;-84.25;-0.0002457310547523984;-10.5;-86.0;1487.2337646484375;-11.25;-87.0;10.115230560302734
2023-03-14-0000;-9.87;-86.07;15;15;-93.57;-78.57;-17.369999999999997;-2.369999999999999;-10.5;-86.5;-0.00017382021753675097;-10.5;-86.75;1495.3564453125;-11.25;-87.25;9.651300430297852
2023-03-14-0300;-9.87;-86.07;15;15;-93.57;-78.57;-17.369999999999997;-2.369999999999999;-10.25;-86.5;-0.00016133770540750113;-10.5;-86.75;1511.6002197265625;-12.0;-86.0;10.305943489074707
2023-03-14-0600;-10.25;-86.25;15;15;-93.75;-78.75;-17.75;-2.75;-10.25;-86.75;-0.00016383224918806077;-11.25;-86.25;1510.1231689453125;-11.25;-87.5;9.938933372497559
2023-03-14-0900;-10.25;-86.25;15;15;-93.75;-78.75;-17.75;-2.75;-12.25;-86.0;-0.00017248616954718897;-10.25;-86.75;1496.0941162109375;-11.25;-87.75;9.738592147827148
2023-03-14-1200;-10.5;-86.64;15;15;-94.14;-79.14;-18.0;-3.0;-11.0;-87.0;-0.00019538247066490852;-11.0;-87.0;1504.9544677734375;-12.75;-86.5;9.07465648651123
2023-03-14-1500;-10.5;-86.64;15;15;-94.14;-79.14;-18.0;-3.0;-10.75;-87.0;-0.0001773353586622789;-11.25;-87.5;1518.983642578125;-12.75;-86.75;10.1285400390625
2023-03-14-1800;-10.75;-87.07;15;15;-94.57;-79.57;-18.25;-3.25;-12.75;-87.0;-0.0001870155629937944;-11.25;-87.5;1512.3394775390625;-11.75;-86.5;10.213526725769043
2023-03-14-2100;-10.75;-87.07;15;15;-94.57;-79.57;-18.25;-3.25;-12.5;-87.5;-0.00023183497552660474;-11.25;-87.75;1494.6187744140625;-13.25;-87.25;9.999289512634277
2023-03-15-0000;-11.15;-87.35;15;15;-94.85;-79.85;-18.65;-3.6500000000000004;-12.5;-87.75;-0.0001859336113362603;-14.25;-91.75;1499.7874755859375;-5.5;-88.75;9.56216049194336
2023-03-15-0300;-11.15;-87.35;15;15;-94.85;-79.85;-18.65;-3.6500000000000004;-11.0;-87.75;-0.0001886901170296436;-11.5;-88.0;1515.2918701171875;-9.5;-84.75;9.701417922973633
2023-03-15-0600;-11.31;-87.83;15;15;-95.33;-80.33;-18.810000000000002;-3.8100000000000005;-11.25;-87.75;-0.00016764430958927224;-11.5;-88.0;1511.6002197265625;-14.75;-88.25;10.517302513122559
2023-03-15-0900;-11.31;-87.83;15;15;-95.33;-80.33;-18.810000000000002;-3.8100000000000005;-12.5;-89.0;-0.0001528944998750115;-14.25;-93.25;1500.525146484375;-14.75;-89.0;11.380354881286621
2023-03-15-1200;-11.33;-84.54;15;15;-92.04;-77.04;-18.83;-3.83;-11.25;-87.75;-0.0001750547775978315;-11.5;-88.0;1503.4791259765625;-4.25;-77.25;11.39639663696289
2023-03-15-1500;-11.33;-84.54;15;15;-92.04;-77.04;-18.83;-3.83;-4.0;-78.0;-0.0001470172402534048;-11.75;-88.5;1519.722900390625;-15.75;-91.25;11.096779823303223
2023-03-15-1800;-11.37;-88.43;15;15;-95.93;-80.93;-18.869999999999997;-3.869999999999999;-11.25;-88.25;-0.00011830767114666261;-11.75;-88.75;1513.0771484375;-16.5;-92.0;11.342621803283691
2023-03-15-2100;-11.37;-88.43;15;15;-95.93;-80.93;-18.869999999999997;-3.869999999999999;-11.75;-88.5;-0.00011181241505628202;-11.75;-88.75;1494.6187744140625;-17.5;-92.5;10.994025230407715
2023-03-16-0000;-11.8;-88.41;15;15;-95.91;-80.91;-19.3;-4.300000000000001;-12.25;-92.5;-0.0001269958803159103;-12.0;-88.75;1499.048095703125;-18.5;-92.0;9.882819175720215
2023-03-16-0300;-11.8;-88.41;15;15;-95.91;-80.91;-19.3;-4.300000000000001;-12.25;-93.0;-0.00014493876773358097;-12.5;-88.75;1514.55419921875;-13.75;-93.75;10.093266487121582
2023-03-16-0600;-12.64;-88.77;15;15;-96.27;-81.27;-20.14;-5.140000000000001;-12.75;-94.0;-0.0001547452590316707;-12.25;-88.75;1510.862548828125;-15.25;-94.5;9.580169677734375
2023-03-16-0900;-12.64;-88.77;15;15;-96.27;-81.27;-20.14;-5.140000000000001;-12.25;-88.5;-0.00013295323338753662;-12.25;-89.0;1498.3104248046875;-16.0;-95.0;9.290533065795898
2023-03-16-1200;-12.96;-89.17;15;15;-96.67;-81.67;-20.46;-5.460000000000001;-12.5;-88.5;-0.00013818753308367086;-13.0;-89.5;1500.525146484375;-10.5;-89.0;9.379324913024902
2023-03-16-1500;-12.96;-89.17;15;15;-96.67;-81.67;-20.46;-5.460000000000001;-12.5;-88.5;-0.0001308033160053723;-13.0;-89.5;1519.722900390625;-20.25;-91.5;8.738171577453613
2023-03-16-1800;-13.27;-89.42;15;15;-96.92;-81.92;-20.77;-5.77;-12.75;-88.75;-0.00012210817108683868;-13.0;-89.5;1516.0311279296875;-20.75;-91.5;9.830768585205078
2023-03-16-2100;-13.27;-89.42;15;15;-96.92;-81.92;-20.77;-5.77;-13.0;-89.0;-0.00011885148105880664;-13.25;-89.5;1496.83349609375;-20.75;-92.0;9.199590682983398
2023-03-17-0000;-13.68;-89.52;15;15;-97.02;-82.02;-21.18;-6.18;-13.25;-89.5;-0.00011937587263452825;-13.0;-90.5;1499.7874755859375;-21.0;-92.0;8.952528953552246
2023-03-17-0300;-13.68;-89.52;15;15;-97.02;-82.02;-21.18;-6.18;-13.5;-89.75;-0.00010611699257492394;-13.25;-90.0;1515.2918701171875;-14.5;-89.25;8.24742317199707
2023-03-17-0600;-13.79;-90.22;15;15;-97.72;-82.72;-21.29;-6.289999999999999;-21.25;-96.25;-0.00011068859837163641;-13.25;-90.5;1512.3394775390625;-14.75;-89.5;8.845230102539062
2023-03-17-0900;-13.79;-90.22;15;15;-97.72;-82.72;-21.29;-6.289999999999999;-21.25;-96.25;-0.00010553479116306366;-13.25;-91.0;1502.7398681640625;-14.75;-89.75;9.392132759094238
2023-03-17-1200;-13.86;-90.65;15;15;-98.15;-83.15;-21.36;-6.359999999999999;-13.5;-90.75;-9.209187488515196e-05;-17.5;-98.0;1503.4791259765625;-21.25;-93.25;9.661296844482422
2023-03-17-1500;-13.86;-90.65;15;15;-98.15;-83.15;-21.36;-6.359999999999999;-20.5;-96.75;-0.00010114064163272557;-13.25;-91.75;1518.983642578125;-15.25;-90.5;10.201387405395508
2023-03-17-1800;-13.97;-91.87;15;15;-99.37;-84.37;-21.47;-6.470000000000001;-18.25;-97.5;-0.00011780172382797831;-14.0;-92.0;1514.55419921875;-21.25;-94.5;10.667036056518555
2023-03-17-2100;-13.97;-91.87;15;15;-99.37;-84.37;-21.47;-6.470000000000001;-18.25;-97.75;-0.00012000226570352782;-13.25;-92.25;1493.87939453125;-21.0;-95.5;10.986715316772461
2023-03-18-0000;-14.03;-92.72;15;15;-100.22;-85.22;-21.53;-6.529999999999999;-20.5;-97.0;-0.00012367942576814317;-12.75;-93.5;1495.3564453125;-21.5;-95.75;10.920557975769043
2023-03-18-0300;-14.03;-92.72;15;15;-100.22;-85.22;-21.53;-6.529999999999999;-20.75;-97.0;-0.00013359496054981702;-13.0;-94.0;1510.862548828125;-21.5;-96.0;10.641996383666992
2023-03-18-0600;-14.03;-93.44;15;15;-100.94;-85.94;-21.53;-6.529999999999999;-20.25;-97.5;-0.00012052850718434054;-12.5;-93.5;1509.385498046875;-21.5;-96.25;9.678174018859863
2023-03-18-0900;-14.03;-93.44;15;15;-100.94;-85.94;-21.53;-6.529999999999999;-20.25;-97.75;-9.314471310352363e-05;-10.0;-95.5;1493.1417236328125;-21.5;-96.5;9.065278053283691
2023-03-18-1200;-13.98;-94.5;15;15;-102.0;-87.0;-21.48;-6.48;-19.25;-97.75;-9.387671222331756e-05;-14.75;-100.75;1496.83349609375;-21.25;-96.75;9.236771583557129
2023-03-18-1500;-13.98;-94.5;15;15;-102.0;-87.0;-21.48;-6.48;-20.0;-98.0;-0.0001173491645104544;-13.75;-101.5;1513.81494140625;-21.25;-94.5;9.659672737121582
2023-03-18-1800;-14.41;-95.44;15;15;-102.94;-87.94;-21.91;-6.91;-19.75;-98.25;-0.00012024234110506525;-12.25;-98.25;1514.55419921875;-21.75;-94.25;10.739117622375488
2023-03-18-2100;-14.41;-95.44;15;15;-102.94;-87.94;-21.91;-6.91;-20.0;-98.25;-0.0001137122006792623;-10.0;-96.0;1495.3564453125;-21.75;-96.5;10.629015922546387
2023-03-19-0000;-14.48;-96.19;15;15;-103.69;-88.69;-21.98;-6.98;-19.5;-98.75;-9.793554491056153e-05;-13.0;-103.5;1490.9254150390625;-21.75;-96.5;10.20557689666748
2023-03-19-0300;-14.48;-96.19;15;15;-103.69;-88.69;-21.98;-6.98;-21.75;-100.5;-7.046315579490136e-05;-12.25;-103.5;1507.9085693359375;-21.75;-96.25;9.515876770019531
2023-03-19-0600;-14.69;-96.55;15;15;-104.05;-89.05;-22.189999999999998;-7.1899999999999995;-9.75;-96.5;-7.022666755377219e-05;-10.25;-95.75;1514.55419921875;-22.0;-96.0;10.24624252319336
2023-03-19-0900;-14.69;-96.55;15;15;-104.05;-89.05;-22.189999999999998;-7.1899999999999995;-10.5;-95.75;-7.921746026195669e-05;-10.0;-96.0;1499.048095703125;-22.0;-96.0;9.888556480407715
2023-03-19-1200;-14.77;-97.11;15;15;-104.61;-89.61;-22.27;-7.27;-17.5;-101.0;-0.00010879500712444565;-12.5;-104.5;1500.525146484375;-22.25;-95.75;11.267287254333496
2023-03-19-1500;-14.77;-97.11;15;15;-104.61;-89.61;-22.27;-7.27;-17.0;-101.5;-0.00010140397966663313;-12.5;-104.5;1516.7689208984375;-22.25;-95.75;10.651449203491211
2023-03-19-1800;-15.21;-97.94;15;15;-105.44;-90.44;-22.71;-7.710000000000001;-20.5;-105.25;-0.00010802166362391191;-22.5;-98.5;1520.4605712890625;-22.5;-96.0;10.715478897094727
2023-03-19-2100;-15.21;-97.94;15;15;-105.44;-90.44;-22.71;-7.710000000000001;-20.25;-105.25;-0.00010116606672597376;-11.5;-104.5;1504.9544677734375;-22.5;-96.25;9.939393043518066
